test/inference_000/799_plane_parameters_0.npy
-----------------------------
[[-0.004  0.288  0.958]
 [-0.679  0.724 -0.12 ]
 [ 0.557  0.808 -0.191]
 [-0.67   0.687 -0.281]
 [-0.035  0.91  -0.412]
 [-0.642  0.746 -0.175]
 [-0.821  0.544 -0.172]]
-----------------------------------------------------------
test/inference_000/808_plane_parameters_0.npy
-----------------------------
[[ 0.017  0.327  0.945]
 [-0.701  0.703 -0.119]
 [ 0.809  0.584 -0.068]
 [-0.021  0.995 -0.1  ]
 [-0.059  0.334  0.941]]
-----------------------------------------------------------
test/inference_000/812_plane_parameters_0.npy
-----------------------------
[[ 0.011  0.254  0.967]
 [-0.955  0.294 -0.028]
 [ 0.662  0.746  0.067]
 [-0.003  0.315  0.949]
 [ 0.043  0.978 -0.206]
 [ 0.142  0.975 -0.174]]
-----------------------------------------------------------
test/inference_000/815_plane_parameters_0.npy
-----------------------------
[[ 0.008  0.308  0.951]
 [-0.506  0.854 -0.125]
 [-0.022  0.941 -0.338]
 [ 0.751  0.656  0.076]
 [-0.638  0.766 -0.079]
 [ 0.665  0.72  -0.199]]
-----------------------------------------------------------
test/inference_000/818_plane_parameters_0.npy
-----------------------------
[[-0.003  0.302  0.953]
 [ 0.041  0.957 -0.288]
 [ 0.929  0.326  0.176]
 [-0.932  0.362  0.006]
 [-0.965  0.259  0.039]
 [-0.035  0.297  0.954]
 [ 0.021  0.955 -0.295]]
-----------------------------------------------------------
test/inference_000/821_plane_parameters_0.npy
-----------------------------
[[ 0.038  0.484  0.874]
 [ 0.743  0.668 -0.024]
 [-0.493  0.812 -0.312]
 [-0.795  0.574 -0.198]
 [-0.037  0.351  0.936]]
-----------------------------------------------------------
test/inference_000/823_plane_parameters_0.npy
-----------------------------
[[ 0.059  0.279  0.958]
 [ 0.188  0.912 -0.365]
 [-0.886  0.45  -0.109]
 [-0.95   0.308  0.049]
 [-0.01   0.366  0.931]
 [ 0.245  0.908 -0.34 ]
 [ 0.092  0.916 -0.392]]
-----------------------------------------------------------
test/inference_000/824_plane_parameters_0.npy
-----------------------------
[[ 0.031  0.314  0.949]
 [ 0.019  0.969 -0.247]
 [-0.866  0.5    0.001]
 [ 0.753  0.625 -0.205]
 [-0.918  0.39  -0.074]
 [-0.019  0.956 -0.294]
 [ 0.013  0.294  0.956]
 [-0.051  0.355  0.934]]
-----------------------------------------------------------
test/inference_000/826_plane_parameters_0.npy
-----------------------------
[[ 0.027  0.584  0.811]
 [ 0.653  0.725 -0.219]
 [-0.558  0.828 -0.053]
 [-0.036  0.356  0.934]
 [ 0.966  0.152  0.211]
 [ 0.765  0.629 -0.14 ]
 [ 0.732  0.663 -0.16 ]]
-----------------------------------------------------------
test/inference_000/827_plane_parameters_0.npy
-----------------------------
[[ 0.675  0.722 -0.155]
 [-0.046  0.482  0.875]
 [ 0.465  0.853 -0.237]
 [-0.689  0.71  -0.149]
 [-0.686  0.719 -0.112]
 [ 0.183  0.982 -0.046]
 [-0.72   0.684 -0.119]
 [ 0.667  0.684 -0.297]
 [ 0.765  0.643  0.023]]
-----------------------------------------------------------
test/inference_000/829_plane_parameters_0.npy
-----------------------------
[[-0.028  0.353  0.935]
 [-0.438  0.836 -0.33 ]
 [ 0.9    0.431  0.069]
 [-0.053  0.393  0.918]
 [ 0.037  0.945 -0.325]
 [-0.036  0.29   0.956]
 [ 0.774  0.597 -0.21 ]
 [ 0.047  0.974 -0.22 ]
 [ 0.949  0.317 -0.003]]
-----------------------------------------------------------
test/inference_000/833_plane_parameters_0.npy
-----------------------------
[[-0.074  0.997 -0.014]
 [-0.11   0.987 -0.121]
 [-0.025  0.358  0.934]
 [ 0.131  0.971 -0.2  ]
 [-0.046  0.983 -0.175]
 [ 0.064  0.948 -0.311]
 [ 0.107  0.398 -0.911]]
-----------------------------------------------------------
test/inference_000/835_plane_parameters_0.npy
-----------------------------
[[ 0.08   0.995  0.057]
 [ 0.076  0.997  0.013]
 [-0.027  0.36   0.932]
 [-0.642  0.766 -0.022]
 [ 0.039  0.957 -0.287]
 [ 0.092  0.968 -0.233]
 [ 0.154  0.949 -0.274]]
-----------------------------------------------------------
test/inference_000/838_plane_parameters_0.npy
-----------------------------
[[ 0.05   0.999  0.002]
 [-0.025  0.437  0.899]
 [ 0.161  0.904 -0.396]
 [ 0.023  0.404 -0.915]
 [-0.751  0.636 -0.178]
 [ 0.101  0.995  0.002]
 [-0.01   0.91  -0.415]
 [ 0.091  0.353 -0.931]]
-----------------------------------------------------------
test/inference_000/839_plane_parameters_0.npy
-----------------------------
[[-0.759  0.64  -0.118]
 [ 0.084  0.276 -0.957]
 [ 0.168  0.986 -0.   ]
 [-0.02   0.425  0.905]
 [ 0.651  0.756 -0.073]]
-----------------------------------------------------------
test/inference_000/843_plane_parameters_0.npy
-----------------------------
[[-0.037  0.265  0.963]
 [-0.669  0.73  -0.139]
 [-0.021  0.986 -0.163]
 [ 0.862  0.468  0.193]
 [-0.962  0.253  0.098]
 [-0.025  0.239  0.971]
 [-0.94   0.339  0.048]
 [-0.951  0.293  0.098]
 [-0.035  0.326  0.945]
 [-0.99   0.139  0.012]
 [-0.059  0.992 -0.111]
 [ 0.239  0.226 -0.945]
 [-0.936  0.3    0.184]
 [ 0.636  0.767 -0.085]]
-----------------------------------------------------------
test/inference_000/854_plane_parameters_0.npy
-----------------------------
[[ 0.165  0.982 -0.089]
 [ 0.137  0.986 -0.098]
 [ 0.094  0.975 -0.203]
 [-0.     0.948 -0.317]
 [ 0.153  0.559  0.815]
 [ 0.97  -0.104  0.219]
 [-0.032  0.246  0.969]]
-----------------------------------------------------------
test/inference_000/861_plane_parameters_0.npy
-----------------------------
[[ 0.08   0.228  0.97 ]
 [-0.069  0.998 -0.012]
 [-0.009  0.293  0.956]
 [-0.003  0.257  0.966]
 [ 0.107  0.957 -0.269]
 [ 0.986  0.166 -0.031]
 [-0.653  0.757  0.027]
 [ 0.057  0.368  0.928]]
-----------------------------------------------------------
test/inference_000/864_plane_parameters_0.npy
-----------------------------
[[ 0.984  0.136  0.119]
 [-0.002  0.26   0.966]
 [-0.515  0.855 -0.067]
 [-0.082  0.311  0.947]
 [ 0.014  0.307  0.952]
 [ 0.971  0.226  0.082]
 [-0.673  0.705 -0.225]]
-----------------------------------------------------------
test/inference_000/865_plane_parameters_0.npy
-----------------------------
[[-0.072  0.279  0.957]
 [ 0.904  0.428 -0.023]
 [-0.552  0.83  -0.081]
 [-0.037  0.331  0.943]
 [ 0.042  0.352  0.935]
 [-0.101  0.195  0.976]]
-----------------------------------------------------------
test/inference_000/869_plane_parameters_0.npy
-----------------------------
[[-0.066  0.378  0.923]
 [ 0.91   0.413  0.043]
 [-0.559  0.829  0.017]
 [-0.018  0.28   0.96 ]
 [ 0.032  0.342  0.939]]
-----------------------------------------------------------
test/inference_000/870_plane_parameters_0.npy
-----------------------------
[[-0.695  0.714 -0.085]
 [-0.092  0.34   0.936]
 [-0.006  0.288  0.957]
 [-0.048  0.24   0.97 ]
 [ 0.859  0.509  0.049]
 [ 0.036  0.333  0.942]]
-----------------------------------------------------------
test/inference_000/872_plane_parameters_0.npy
-----------------------------
[[-0.056  0.246  0.968]
 [ 0.017  0.224  0.975]
 [-0.703  0.703 -0.106]
 [ 0.946  0.323 -0.03 ]
 [ 0.024  0.242  0.97 ]
 [-0.028  0.253  0.967]
 [-0.787  0.607 -0.111]
 [-0.683  0.7   -0.21 ]
 [-0.052  0.373  0.926]
 [-0.038  0.926 -0.375]]
-----------------------------------------------------------
test/inference_000/875_plane_parameters_0.npy
-----------------------------
[[-0.05   0.521  0.852]
 [-0.525  0.846 -0.098]
 [-0.16   0.948 -0.276]
 [ 0.682  0.621 -0.387]
 [ 0.906  0.352  0.237]
 [-0.058  0.349  0.935]
 [-0.754  0.649 -0.102]
 [-0.02   0.313  0.949]
 [-0.667  0.693 -0.275]]
-----------------------------------------------------------
test/inference_000/877_plane_parameters_0.npy
-----------------------------
[[ 0.971  0.231 -0.066]
 [-0.046  0.719  0.693]
 [ 0.954  0.2   -0.225]
 [-0.07   0.453  0.889]
 [ 0.058  0.7    0.712]]
-----------------------------------------------------------
test/inference_000/879_plane_parameters_0.npy
-----------------------------
[[ 0.084  0.702  0.707]
 [ 0.966  0.257 -0.028]
 [-0.828  0.478 -0.294]
 [ 0.05   0.429  0.902]
 [ 0.551  0.723 -0.417]
 [-0.007  0.903 -0.429]]
-----------------------------------------------------------
test/inference_000/882_plane_parameters_0.npy
-----------------------------
[[ 0.046  0.693  0.719]
 [-0.681  0.627 -0.377]
 [-0.979  0.186  0.082]
 [ 0.783  0.622  0.014]
 [ 0.005  0.48   0.877]
 [-0.983  0.121  0.141]
 [-0.042  0.307  0.951]]
-----------------------------------------------------------
test/inference_000/887_plane_parameters_0.npy
-----------------------------
[[ 0.02   0.52   0.854]
 [-0.581  0.791 -0.192]
 [-0.954  0.24   0.181]
 [ 0.801  0.597 -0.039]
 [-0.024  0.3    0.954]
 [ 0.008  0.506  0.863]
 [-0.921  0.389 -0.028]]
-----------------------------------------------------------
test/inference_000/891_plane_parameters_0.npy
-----------------------------
[[ 0.018  0.286  0.958]
 [ 0.88   0.475 -0.001]
 [-0.426  0.888 -0.175]
 [-0.053  0.386  0.921]
 [ 0.054  0.398  0.916]]
-----------------------------------------------------------
test/inference_000/892_plane_parameters_0.npy
-----------------------------
[[-0.041  0.35   0.936]
 [-0.407  0.901 -0.149]
 [ 0.097  0.375  0.922]
 [-0.002  0.349  0.937]]
-----------------------------------------------------------
test/inference_000/893_plane_parameters_0.npy
-----------------------------
[[-0.034  0.342  0.939]
 [ 0.916  0.393  0.088]
 [-0.429  0.867 -0.255]
 [ 0.06   0.464  0.884]
 [-0.022  0.323  0.946]
 [-0.028  0.318  0.948]]
-----------------------------------------------------------
test/inference_000/895_plane_parameters_0.npy
-----------------------------
[[-0.015  0.253  0.967]
 [ 0.871  0.482  0.093]
 [ 0.062  0.417  0.907]
 [-0.027  0.293  0.956]
 [-0.289  0.922 -0.258]]
-----------------------------------------------------------
test/inference_000/897_plane_parameters_0.npy
-----------------------------
[[ 0.947  0.189  0.258]
 [-0.002  0.158  0.987]
 [-0.022  0.999  0.028]
 [ 0.968  0.152  0.198]
 [-0.023  0.255  0.967]
 [ 0.945  0.318  0.075]]
-----------------------------------------------------------
test/inference_000/899_plane_parameters_0.npy
-----------------------------
[[-0.15   0.985 -0.083]
 [-0.018  0.2    0.98 ]
 [ 0.884  0.341  0.318]
 [ 0.058  0.272  0.961]]
-----------------------------------------------------------
test/inference_000/904_plane_parameters_0.npy
-----------------------------
[[-0.679  0.73  -0.079]
 [ 0.073  0.353  0.933]
 [-0.024  0.364  0.931]
 [-0.741  0.659 -0.131]
 [-0.754  0.628 -0.194]]
-----------------------------------------------------------
test/inference_000/907_plane_parameters_0.npy
-----------------------------
[[ 0.064  0.236  0.97 ]
 [ 0.662  0.737 -0.136]
 [ 0.048  0.358  0.932]
 [-0.011  0.95  -0.312]]
-----------------------------------------------------------
test/inference_000/914_plane_parameters_0.npy
-----------------------------
[[ 0.042  0.292  0.955]
 [-0.008  0.971 -0.24 ]
 [ 0.785  0.578 -0.221]
 [-0.804  0.573 -0.157]
 [ 0.332  0.907 -0.259]
 [ 0.03   0.985 -0.168]
 [ 0.034  0.941 -0.337]
 [ 0.     0.966 -0.26 ]
 [ 0.915  0.386  0.121]]
-----------------------------------------------------------
test/inference_000/919_plane_parameters_0.npy
-----------------------------
[[-0.982  0.189  0.013]
 [-0.805  0.583 -0.108]
 [ 0.009  0.406  0.914]
 [ 0.061  0.932 -0.358]
 [ 0.01   0.47   0.883]
 [ 0.671  0.717 -0.187]
 [-0.061  0.309  0.949]
 [ 0.81   0.585 -0.049]
 [ 0.94   0.311  0.144]]
-----------------------------------------------------------
test/inference_000/921_plane_parameters_0.npy
-----------------------------
[[ 0.007  0.447  0.894]
 [ 0.97   0.232  0.07 ]
 [-0.826  0.535 -0.178]
 [-0.965  0.261 -0.023]
 [ 0.007  0.926 -0.376]
 [ 0.979  0.197  0.049]
 [ 0.076  0.442  0.894]
 [ 0.007  0.414  0.91 ]]
-----------------------------------------------------------
test/inference_000/929_plane_parameters_0.npy
-----------------------------
[[ 0.923  0.383  0.038]
 [-0.084  0.321  0.943]
 [ 0.034  0.591  0.806]
 [-0.925  0.379 -0.032]
 [ 0.946  0.318 -0.068]
 [ 0.158  0.983  0.09 ]
 [-0.04   0.355  0.934]
 [-0.03   0.964 -0.263]]
-----------------------------------------------------------
test/inference_000/930_plane_parameters_0.npy
-----------------------------
[[ 0.947  0.322  0.005]
 [-0.     0.54   0.842]
 [-0.075  0.346  0.935]
 [-0.951  0.293 -0.097]
 [ 0.947  0.32   0.008]
 [-0.095  0.352  0.931]
 [ 0.137  0.986  0.09 ]
 [-0.531  0.779 -0.334]]
-----------------------------------------------------------
test/inference_000/937_plane_parameters_0.npy
-----------------------------
[[ 0.003  0.307  0.952]
 [ 0.05   0.451  0.891]
 [-0.17   0.961 -0.218]
 [ 0.962  0.272 -0.03 ]
 [ 0.013  0.976 -0.219]
 [ 0.29   0.92  -0.263]
 [-0.028  0.957 -0.288]
 [-0.047  0.333  0.942]
 [ 0.948  0.314  0.042]]
-----------------------------------------------------------
test/inference_000/939_plane_parameters_0.npy
-----------------------------
[[ 0.098  0.944 -0.315]
 [ 0.004  0.343  0.939]
 [-0.161  0.934 -0.318]
 [-0.231  0.936 -0.264]
 [-0.122  0.976 -0.179]
 [-0.12   0.928 -0.353]
 [-0.037  0.396  0.917]]
-----------------------------------------------------------
test/inference_000/941_plane_parameters_0.npy
-----------------------------
[[ 0.796  0.591 -0.128]
 [-0.687  0.702 -0.187]
 [ 0.035  0.255  0.966]
 [ 0.011  0.461  0.887]
 [-0.965  0.263  0.004]
 [-0.016  0.315  0.949]]
-----------------------------------------------------------
test/inference_000/943_plane_parameters_0.npy
-----------------------------
[[ 0.028  0.255  0.966]
 [-0.633  0.732 -0.252]
 [-0.059  0.335  0.94 ]
 [ 0.792  0.579 -0.195]
 [ 0.928  0.34   0.152]
 [-0.96   0.264 -0.096]
 [-0.041  0.256  0.966]]
-----------------------------------------------------------
test/inference_000/950_plane_parameters_0.npy
-----------------------------
[[ 0.981  0.175  0.085]
 [-0.002  0.286  0.958]
 [-0.503  0.839 -0.207]
 [-0.938  0.338 -0.075]
 [ 0.089  0.336  0.938]
 [-0.025  0.954 -0.3  ]]
-----------------------------------------------------------
test/inference_000/951_plane_parameters_0.npy
-----------------------------
[[ 0.971  0.231  0.069]
 [-0.651  0.729 -0.211]
 [ 0.004  0.279  0.96 ]
 [-0.948  0.317  0.011]]
-----------------------------------------------------------
test/inference_000/953_plane_parameters_0.npy
-----------------------------
[[ 0.98   0.196 -0.034]
 [-0.502  0.851 -0.155]
 [ 0.039  0.48   0.876]
 [-0.95   0.311  0.009]
 [-0.069  0.322  0.944]
 [-0.756  0.653 -0.043]
 [-0.042  0.293  0.955]]
-----------------------------------------------------------
test/inference_000/958_plane_parameters_0.npy
-----------------------------
[[ 0.114  0.27   0.956]
 [ 0.975  0.22   0.026]
 [ 0.064  0.28   0.958]
 [-0.62   0.756 -0.211]
 [-0.881  0.469 -0.061]
 [-0.024  0.319  0.948]
 [-0.031  0.323  0.946]
 [ 0.998 -0.054  0.02 ]]
-----------------------------------------------------------
test/inference_000/959_plane_parameters_0.npy
-----------------------------
[[ 0.133  0.316  0.939]
 [ 0.079  0.271  0.959]
 [-0.042  0.953 -0.3  ]
 [ 0.98   0.164  0.114]
 [-0.053  0.32   0.946]
 [-0.738  0.662 -0.13 ]
 [ 0.708  0.7   -0.1  ]]
-----------------------------------------------------------
test/inference_000/962_plane_parameters_0.npy
-----------------------------
[[-0.043  0.357  0.933]
 [ 0.121  0.953 -0.277]
 [-0.044  0.254  0.966]
 [ 0.12   0.936 -0.33 ]
 [-0.68   0.719 -0.142]
 [-0.66   0.732 -0.167]
 [ 0.069  0.96  -0.271]
 [-0.06   0.921 -0.384]
 [-0.034  0.283  0.958]
 [ 0.13   0.934 -0.332]]
-----------------------------------------------------------
test/inference_000/963_plane_parameters_0.npy
-----------------------------
[[-0.043  0.348  0.936]
 [ 0.119  0.949 -0.293]
 [-0.062  0.251  0.966]
 [ 0.024  0.951 -0.309]
 [-0.706  0.696 -0.13 ]
 [-0.683  0.708 -0.177]
 [-0.573  0.812 -0.115]
 [ 0.118  0.927 -0.356]
 [-0.708  0.652 -0.271]
 [-0.038  0.272  0.962]]
-----------------------------------------------------------
test/inference_000/964_plane_parameters_0.npy
-----------------------------
[[ 0.156  0.952 -0.263]
 [-0.049  0.367  0.929]
 [-0.053  0.224  0.973]
 [-0.675  0.726 -0.127]
 [-0.63   0.752 -0.197]
 [ 0.14   0.936 -0.324]
 [-0.039  0.238  0.971]]
-----------------------------------------------------------
test/inference_000/965_plane_parameters_0.npy
-----------------------------
[[ 0.099  0.961 -0.259]
 [-0.04   0.346  0.937]
 [-0.055  0.329  0.943]
 [-0.562  0.826 -0.051]
 [-0.714  0.688 -0.132]
 [ 0.074  0.966 -0.249]
 [-0.034  0.222  0.975]
 [-0.002  0.969 -0.246]
 [-0.689  0.713 -0.129]
 [ 0.066  0.988 -0.139]]
-----------------------------------------------------------
test/inference_000/970_plane_parameters_0.npy
-----------------------------
[[-0.101  0.989 -0.106]
 [-0.017  0.317  0.948]
 [-0.181  0.968 -0.173]
 [-0.239  0.959 -0.152]
 [ 0.098  0.979 -0.181]
 [-0.555  0.814 -0.172]
 [-0.248  0.948  0.2  ]
 [-0.031  0.231  0.972]
 [ 0.927  0.315  0.202]
 [-0.593  0.805 -0.028]]
-----------------------------------------------------------
test/inference_000/972_plane_parameters_0.npy
-----------------------------
[[ 0.013  0.998 -0.055]
 [-0.05   0.941 -0.336]
 [-0.023  0.974 -0.224]
 [-0.112  0.934 -0.339]
 [ 0.038  0.977 -0.212]
 [-0.047  0.368  0.928]
 [-0.201  0.919 -0.34 ]
 [ 0.106  0.945 -0.308]
 [ 0.063  0.965 -0.256]
 [-0.148  0.379  0.914]
 [ 0.06   0.498  0.865]
 [-0.011  0.952 -0.307]
 [ 0.961  0.147  0.233]]
-----------------------------------------------------------
test/inference_000/977_plane_parameters_0.npy
-----------------------------
[[ 0.035  0.226  0.973]
 [-0.022  0.312  0.95 ]
 [ 0.938  0.222  0.266]
 [ 0.01   0.976 -0.216]
 [ 0.951  0.283  0.123]
 [ 0.803  0.586 -0.103]]
-----------------------------------------------------------
test/inference_000/984_plane_parameters_0.npy
-----------------------------
[[-0.709  0.705  0.034]
 [-0.011  0.348  0.937]
 [ 0.549  0.833 -0.064]
 [-0.852  0.515 -0.092]
 [ 0.653  0.728 -0.209]
 [ 0.011  0.324  0.946]
 [-0.034  0.352  0.936]]
-----------------------------------------------------------
test/inference_000/987_plane_parameters_0.npy
-----------------------------
[[-0.727  0.685  0.049]
 [ 0.004  0.334  0.942]
 [ 0.697  0.687 -0.203]
 [-0.838  0.542 -0.061]
 [ 0.002  0.384  0.923]
 [ 0.699  0.708 -0.1  ]]
-----------------------------------------------------------
test/inference_000/989_plane_parameters_0.npy
-----------------------------
[[-0.028  0.251  0.968]
 [-0.716  0.689 -0.113]
 [ 0.033  0.274  0.961]
 [ 0.006  0.25   0.968]
 [ 0.63   0.763 -0.143]
 [ 0.513  0.83  -0.219]
 [ 0.715  0.663 -0.223]
 [-0.008  0.346  0.938]]
-----------------------------------------------------------
test/inference_000/991_plane_parameters_0.npy
-----------------------------
[[-0.026  0.268  0.963]
 [-0.764  0.644 -0.04 ]
 [-0.031  0.392  0.919]
 [-0.08   0.373  0.924]
 [-0.7    0.697 -0.157]]
-----------------------------------------------------------
test/inference_000/995_plane_parameters_0.npy
-----------------------------
[[ 0.078  0.306  0.949]
 [-0.833  0.539  0.129]
 [ 0.051  0.941 -0.334]
 [-0.017  0.303  0.953]
 [-0.95   0.311  0.028]
 [ 0.654  0.754 -0.066]
 [-0.634  0.773 -0.014]]
-----------------------------------------------------------
test/inference_000/996_plane_parameters_0.npy
-----------------------------
[[ 0.024  0.36   0.933]
 [-0.939  0.345  0.006]
 [ 0.593  0.802 -0.065]
 [ 0.509  0.826 -0.243]
 [-0.839  0.53  -0.124]
 [-0.007  0.356  0.935]
 [-0.952  0.305 -0.033]
 [-0.751  0.656 -0.07 ]]
-----------------------------------------------------------
test/inference_000/997_plane_parameters_0.npy
-----------------------------
[[-0.038  0.415  0.909]
 [-0.688  0.725  0.016]
 [ 0.624  0.77  -0.134]
 [ 0.769  0.638 -0.046]
 [ 0.92   0.195  0.339]]
-----------------------------------------------------------
test/inference_000/1001_plane_parameters_0.npy
-----------------------------
[[ 0.006  0.322  0.947]
 [-0.018  0.974 -0.227]
 [ 0.013  0.999 -0.048]
 [ 0.729  0.669 -0.143]
 [-0.7    0.697 -0.153]
 [-0.01   0.313  0.95 ]
 [ 0.954  0.218  0.207]
 [-0.611  0.742 -0.276]]
-----------------------------------------------------------
test/inference_000/1002_plane_parameters_0.npy
-----------------------------
[[-0.012  0.368  0.93 ]
 [-0.933  0.356 -0.046]
 [ 0.759  0.65  -0.025]
 [-0.074  0.996  0.049]
 [-0.018  0.309  0.951]
 [ 0.018  0.983 -0.182]
 [ 0.022  0.971 -0.24 ]
 [ 0.96   0.178  0.215]
 [-0.053  0.919 -0.391]]
-----------------------------------------------------------
test/inference_000/1004_plane_parameters_0.npy
-----------------------------
[[ 0.044  0.278  0.959]
 [-0.813  0.583 -0.007]
 [ 0.786  0.618 -0.021]
 [-0.036  0.385  0.922]
 [ 0.292  0.922 -0.254]
 [ 0.693  0.698 -0.181]
 [-0.744  0.646 -0.169]]
-----------------------------------------------------------
test/inference_000/1005_plane_parameters_0.npy
-----------------------------
[[ 0.025  0.286  0.958]
 [-0.918  0.389 -0.077]
 [ 0.76   0.65   0.025]
 [-0.03   0.334  0.942]
 [ 0.171  0.959 -0.225]
 [ 0.154  0.954 -0.257]]
-----------------------------------------------------------
test/inference_000/1006_plane_parameters_0.npy
-----------------------------
[[ 0.009  0.272  0.962]
 [-0.794  0.601 -0.091]
 [ 0.798  0.602 -0.   ]
 [-0.931  0.364 -0.01 ]
 [-0.013  0.273  0.962]
 [-0.008  0.31   0.951]
 [ 0.056  0.974 -0.22 ]
 [-0.764  0.579 -0.284]
 [-0.95   0.306 -0.063]
 [ 0.739  0.674  0.002]]
-----------------------------------------------------------
test/inference_000/1010_plane_parameters_0.npy
-----------------------------
[[ 0.039  0.336  0.941]
 [-0.023  0.931 -0.364]
 [-0.789  0.606 -0.103]
 [-0.918  0.395  0.04 ]
 [ 0.634  0.772 -0.047]
 [-0.03   0.907 -0.42 ]
 [ 0.675  0.651 -0.347]]
-----------------------------------------------------------
test/inference_000/1011_plane_parameters_0.npy
-----------------------------
[[ 0.06   0.315  0.947]
 [-0.876  0.45  -0.175]
 [-0.957  0.285 -0.062]
 [-0.432  0.817 -0.382]
 [-0.007  0.361  0.933]
 [-0.085  0.93  -0.358]
 [-0.915  0.404 -0.013]]
-----------------------------------------------------------
test/inference_000/1019_plane_parameters_0.npy
-----------------------------
[[ 0.002  0.39   0.921]
 [-0.673  0.74  -0.022]
 [-0.22   0.933 -0.284]
 [-0.052  0.365  0.929]
 [-0.01   0.962 -0.273]
 [ 0.683  0.686 -0.251]]
-----------------------------------------------------------
test/inference_000/1020_plane_parameters_0.npy
-----------------------------
[[ 0.018  0.293  0.956]
 [ 0.662  0.737 -0.135]
 [-0.864  0.503  0.028]
 [ 0.034  0.953 -0.3  ]
 [ 0.003  0.329  0.944]
 [ 0.627  0.759 -0.175]]
-----------------------------------------------------------
test/inference_000/1031_plane_parameters_0.npy
-----------------------------
[[ 0.051  0.291  0.955]
 [-0.103  0.963 -0.249]
 [ 0.924  0.307  0.226]
 [-0.017  0.318  0.948]
 [-0.595  0.789 -0.152]]
-----------------------------------------------------------
test/inference_000/1036_plane_parameters_0.npy
-----------------------------
[[ 0.008  0.304  0.953]
 [-0.066  0.953 -0.297]
 [ 0.742  0.635 -0.215]
 [-0.737  0.665 -0.124]
 [-0.063  0.253  0.965]
 [ 0.009  0.328  0.945]]
-----------------------------------------------------------
test/inference_000/1046_plane_parameters_0.npy
-----------------------------
[[ 0.04   0.434  0.9  ]
 [-0.506  0.799 -0.325]
 [ 0.728  0.685  0.028]
 [-0.864  0.495 -0.091]
 [ 0.784  0.597 -0.17 ]
 [-0.139  0.372  0.918]
 [ 0.841  0.541 -0.   ]
 [ 0.008  0.886 -0.463]]
-----------------------------------------------------------
test/inference_000/1054_plane_parameters_0.npy
-----------------------------
[[ 0.044  0.454  0.89 ]
 [ 0.655  0.675 -0.34 ]
 [-0.879  0.423 -0.22 ]
 [-0.967  0.242  0.075]
 [-0.636  0.684 -0.356]
 [ 0.728  0.675 -0.117]
 [-0.934  0.347  0.088]
 [ 0.91   0.39   0.142]
 [-0.035  0.872 -0.489]]
-----------------------------------------------------------
test/inference_000/1057_plane_parameters_0.npy
-----------------------------
[[ 0.051  0.45   0.891]
 [-0.788  0.436 -0.435]
 [-0.759  0.554 -0.341]
 [ 0.698  0.654 -0.292]
 [ 0.724  0.59  -0.356]
 [-0.013  0.801 -0.598]
 [-0.006  0.311  0.95 ]
 [-0.028  0.305  0.952]]
-----------------------------------------------------------
test/inference_000/1058_plane_parameters_0.npy
-----------------------------
[[-0.005  0.451 -0.893]
 [ 0.03   0.54   0.841]
 [-0.836  0.423 -0.349]
 [ 0.899  0.436  0.028]
 [-0.757  0.621 -0.204]
 [-0.011  0.374  0.927]
 [-0.07   0.239 -0.969]
 [-0.142  0.338 -0.93 ]]
-----------------------------------------------------------
test/inference_000/1060_plane_parameters_0.npy
-----------------------------
[[ 0.024  0.426  0.904]
 [ 0.919  0.388  0.069]
 [-0.613  0.71  -0.346]
 [-0.043  0.526 -0.85 ]
 [-0.969  0.237  0.072]
 [ 0.979  0.202  0.038]
 [-0.065  0.389  0.919]]
-----------------------------------------------------------
test/inference_000/1061_plane_parameters_0.npy
-----------------------------
[[-0.028  0.478  0.878]
 [ 0.951  0.3    0.081]
 [-0.941  0.326  0.091]
 [-0.046  0.757  0.652]
 [-0.035  0.486 -0.873]
 [ 0.982  0.167 -0.086]
 [-0.087  0.534 -0.841]
 [-0.058  0.406  0.912]]
-----------------------------------------------------------
test/inference_000/1064_plane_parameters_0.npy
-----------------------------
[[-0.034  0.495  0.868]
 [ 0.942  0.313  0.124]
 [ 0.025  0.508 -0.861]
 [-0.953  0.302 -0.022]
 [-0.662  0.556 -0.503]
 [-0.587  0.769 -0.255]
 [-0.061  0.337  0.94 ]
 [-0.724  0.658 -0.205]
 [-0.076  0.916 -0.393]]
-----------------------------------------------------------
test/inference_000/1067_plane_parameters_0.npy
-----------------------------
[[-0.011  0.412  0.911]
 [ 0.929  0.369  0.038]
 [-0.72   0.626 -0.299]
 [ 0.969  0.244 -0.031]
 [ 0.037  0.438 -0.898]
 [-0.991  0.123  0.05 ]
 [-0.303  0.867 -0.395]
 [-0.053  0.324  0.944]
 [-0.739  0.666 -0.1  ]]
-----------------------------------------------------------
test/inference_000/1068_plane_parameters_0.npy
-----------------------------
[[ 0.027  0.378  0.925]
 [ 0.017  0.39  -0.921]
 [ 0.899  0.435  0.059]
 [-0.684  0.619 -0.385]
 [-0.072  0.338  0.938]
 [-0.979  0.173  0.109]]
-----------------------------------------------------------
test/inference_000/1074_plane_parameters_0.npy
-----------------------------
[[ 0.071  0.591  0.804]
 [-0.69   0.614 -0.383]
 [-0.071  0.453 -0.889]
 [-0.019  0.302  0.953]
 [ 0.049  0.461  0.886]
 [ 0.111  0.709  0.696]
 [ 0.077  0.707  0.703]
 [ 0.777  0.616 -0.129]
 [-0.083  0.878 -0.471]]
-----------------------------------------------------------
test/inference_000/1077_plane_parameters_0.npy
-----------------------------
[[-0.068  0.487  0.871]
 [ 0.062  0.43  -0.901]
 [ 0.636  0.766 -0.09 ]
 [-0.684  0.68  -0.264]
 [-0.063  0.849 -0.525]
 [-0.648  0.715 -0.263]
 [-0.078  0.399  0.914]
 [ 0.086  0.28  -0.956]]
-----------------------------------------------------------
test/inference_000/1079_plane_parameters_0.npy
-----------------------------
[[-0.087  0.54   0.837]
 [ 0.072  0.39  -0.918]
 [ 0.76   0.649 -0.02 ]
 [-0.036  0.393  0.919]
 [-0.65   0.728 -0.218]
 [-0.164  0.295 -0.941]
 [ 0.963  0.265 -0.057]
 [-0.055  0.713  0.699]]
-----------------------------------------------------------
test/inference_000/1080_plane_parameters_0.npy
-----------------------------
[[-0.072  0.531  0.844]
 [ 0.756  0.655  0.011]
 [ 0.001  0.478 -0.878]
 [ 0.087  0.344 -0.935]
 [-0.053  0.34   0.939]
 [-0.197  0.228 -0.953]
 [-0.015  0.974 -0.228]
 [ 0.978  0.207  0.012]]
-----------------------------------------------------------
test/inference_000/1082_plane_parameters_0.npy
-----------------------------
[[-0.006  0.467  0.884]
 [ 0.06   0.404 -0.913]
 [ 0.656  0.754  0.015]
 [-0.053  0.372  0.927]
 [-0.229  0.187 -0.955]
 [-0.679  0.732 -0.056]
 [-0.118  0.924 -0.365]]
-----------------------------------------------------------
test/inference_000/1089_plane_parameters_0.npy
-----------------------------
[[-0.041  0.512  0.858]
 [-0.579  0.787 -0.214]
 [ 0.788  0.612 -0.061]
 [ 0.961  0.278 -0.002]
 [-0.076  0.345  0.936]
 [-0.553  0.731 -0.399]
 [-0.989  0.148  0.017]
 [-0.644  0.713 -0.276]
 [-0.981  0.195 -0.023]
 [-0.928  0.345 -0.14 ]
 [-0.076  0.167 -0.983]]
-----------------------------------------------------------
test/inference_000/1092_plane_parameters_0.npy
-----------------------------
[[-0.069  0.554  0.83 ]
 [ 0.66   0.748 -0.072]
 [ 0.02   0.599 -0.801]
 [ 0.128  0.844 -0.521]
 [-0.097  0.351  0.931]
 [-0.981  0.164  0.103]
 [-0.704  0.67  -0.236]
 [ 0.094  0.338 -0.936]
 [-0.623  0.735 -0.268]]
-----------------------------------------------------------
test/inference_000/1100_plane_parameters_0.npy
-----------------------------
[[-0.06   0.423  0.904]
 [ 0.701  0.694 -0.164]
 [-0.708  0.671 -0.22 ]
 [-0.558  0.725 -0.405]
 [ 0.006  0.87  -0.494]
 [-0.685  0.656 -0.316]
 [-0.951  0.309 -0.018]
 [-0.073  0.37   0.926]
 [-0.993  0.047 -0.104]
 [-0.024  0.562  0.827]
 [-0.774  0.571 -0.275]]
-----------------------------------------------------------
test/inference_000/1111_plane_parameters_0.npy
-----------------------------
[[-0.052  0.602  0.797]
 [-0.059  0.496 -0.866]
 [-0.082  0.463  0.883]
 [ 0.705  0.581 -0.407]
 [-0.062  0.342 -0.937]
 [-0.945  0.319 -0.075]
 [-0.056  0.353  0.934]
 [ 0.877  0.463  0.128]]
-----------------------------------------------------------
test/inference_000/1118_plane_parameters_0.npy
-----------------------------
[[-0.035  0.569  0.822]
 [-0.036  0.54  -0.841]
 [-0.056  0.537  0.842]
 [ 0.944  0.307 -0.125]
 [-0.116  0.807  0.579]
 [-0.043  0.386  0.921]]
-----------------------------------------------------------
test/inference_000/1127_plane_parameters_0.npy
-----------------------------
[[ 0.015  0.36   0.933]
 [ 0.943  0.332  0.028]
 [-0.041  0.979 -0.202]
 [-0.914  0.401 -0.065]
 [-0.11   0.361 -0.926]
 [-0.031  0.248  0.968]
 [ 0.925  0.316  0.21 ]]
-----------------------------------------------------------
test/inference_000/1129_plane_parameters_0.npy
-----------------------------
[[ 0.077  0.333  0.94 ]
 [ 0.153  0.947 -0.283]
 [-0.987  0.159 -0.025]
 [ 0.93   0.367  0.031]
 [-0.025  0.248  0.968]
 [ 0.909  0.302  0.286]]
-----------------------------------------------------------
test/inference_000/1134_plane_parameters_0.npy
-----------------------------
[[ 0.001  0.237  0.971]
 [-0.73   0.652 -0.205]
 [ 0.112  0.259  0.959]
 [ 0.685  0.727 -0.053]
 [ 0.076  0.97  -0.231]
 [-0.264  0.956 -0.128]
 [-0.089  0.267  0.959]]
-----------------------------------------------------------
test/inference_000/1135_plane_parameters_0.npy
-----------------------------
[[-0.057  0.213  0.975]
 [-0.712  0.674 -0.198]
 [ 0.068  0.253  0.965]
 [-0.025  0.23   0.973]
 [ 0.608  0.791 -0.07 ]
 [-0.225  0.974 -0.037]
 [ 0.115  0.988 -0.103]]
-----------------------------------------------------------
test/inference_000/1136_plane_parameters_0.npy
-----------------------------
[[-0.056  0.257  0.965]
 [ 0.125  0.21   0.97 ]
 [-0.332  0.929 -0.163]
 [-0.201  0.963 -0.179]
 [ 0.201  0.952 -0.229]
 [-0.963  0.265  0.05 ]
 [ 0.747  0.642 -0.17 ]]
-----------------------------------------------------------
test/inference_000/1137_plane_parameters_0.npy
-----------------------------
[[-0.042  0.259  0.965]
 [-0.247  0.957 -0.154]
 [ 0.117  0.232  0.966]
 [-0.1    0.977 -0.189]
 [-0.958  0.287  0.005]
 [ 0.638  0.769 -0.043]
 [ 0.772  0.613 -0.167]]
-----------------------------------------------------------
